2021/09/25-16:57:02.523967 7f2601460280 RocksDB version: 6.21.0
2021/09/25-16:57:02.523990 7f2601460280 Git sha f7999897a231a77572350d12440912ebb64a5b77
2021/09/25-16:57:02.523992 7f2601460280 Compile date 2021-08-14 17:48:59
2021/09/25-16:57:02.523993 7f2601460280 DB SUMMARY
2021/09/25-16:57:02.523994 7f2601460280 DB Session ID:  ABD2ZCHG6EO3DDWCP96M
2021/09/25-16:57:02.524003 7f2601460280 SST files in ../mnt dir, Total Num: 0, files: 
2021/09/25-16:57:02.524004 7f2601460280 Write Ahead Log file in ../mnt: 
2021/09/25-16:57:02.524005 7f2601460280                         Options.error_if_exists: 0
2021/09/25-16:57:02.524007 7f2601460280                       Options.create_if_missing: 1
2021/09/25-16:57:02.524007 7f2601460280                         Options.paranoid_checks: 1
2021/09/25-16:57:02.524008 7f2601460280             Options.flush_verify_memtable_count: 1
2021/09/25-16:57:02.524009 7f2601460280                               Options.track_and_verify_wals_in_manifest: 0
2021/09/25-16:57:02.524010 7f2601460280                                     Options.env: 0x562b0afe32a0
2021/09/25-16:57:02.524011 7f2601460280                                      Options.fs: Posix File System
2021/09/25-16:57:02.524012 7f2601460280                                Options.info_log: 0x562b0b2646e0
2021/09/25-16:57:02.524013 7f2601460280                Options.max_file_opening_threads: 16
2021/09/25-16:57:02.524014 7f2601460280                              Options.statistics: 0x562b0b24ad40
2021/09/25-16:57:02.524015 7f2601460280                               Options.use_fsync: 0
2021/09/25-16:57:02.524016 7f2601460280                       Options.max_log_file_size: 0
2021/09/25-16:57:02.524016 7f2601460280                  Options.max_manifest_file_size: 1073741824
2021/09/25-16:57:02.524017 7f2601460280                   Options.log_file_time_to_roll: 0
2021/09/25-16:57:02.524018 7f2601460280                       Options.keep_log_file_num: 1000
2021/09/25-16:57:02.524019 7f2601460280                    Options.recycle_log_file_num: 0
2021/09/25-16:57:02.524020 7f2601460280                         Options.allow_fallocate: 1
2021/09/25-16:57:02.524021 7f2601460280                        Options.allow_mmap_reads: 0
2021/09/25-16:57:02.524022 7f2601460280                       Options.allow_mmap_writes: 0
2021/09/25-16:57:02.524022 7f2601460280                        Options.use_direct_reads: 0
2021/09/25-16:57:02.524023 7f2601460280                        Options.use_direct_io_for_flush_and_compaction: 1
2021/09/25-16:57:02.524024 7f2601460280          Options.create_missing_column_families: 0
2021/09/25-16:57:02.524025 7f2601460280                              Options.db_log_dir: 
2021/09/25-16:57:02.524026 7f2601460280                                 Options.wal_dir: ../mnt
2021/09/25-16:57:02.524027 7f2601460280                Options.table_cache_numshardbits: 4
2021/09/25-16:57:02.524028 7f2601460280                         Options.WAL_ttl_seconds: 0
2021/09/25-16:57:02.524028 7f2601460280                       Options.WAL_size_limit_MB: 0
2021/09/25-16:57:02.524029 7f2601460280                        Options.max_write_batch_group_size_bytes: 1048576
2021/09/25-16:57:02.524030 7f2601460280             Options.manifest_preallocation_size: 4194304
2021/09/25-16:57:02.524031 7f2601460280                     Options.is_fd_close_on_exec: 1
2021/09/25-16:57:02.524032 7f2601460280                   Options.advise_random_on_open: 1
2021/09/25-16:57:02.524033 7f2601460280                    Options.db_write_buffer_size: 0
2021/09/25-16:57:02.524034 7f2601460280                    Options.write_buffer_manager: 0x562b0b2546f0
2021/09/25-16:57:02.524034 7f2601460280         Options.access_hint_on_compaction_start: 1
2021/09/25-16:57:02.524035 7f2601460280  Options.new_table_reader_for_compaction_inputs: 1
2021/09/25-16:57:02.524036 7f2601460280           Options.random_access_max_buffer_size: 1048576
2021/09/25-16:57:02.524037 7f2601460280                      Options.use_adaptive_mutex: 0
2021/09/25-16:57:02.524038 7f2601460280                            Options.rate_limiter: (nil)
2021/09/25-16:57:02.524039 7f2601460280     Options.sst_file_manager.rate_bytes_per_sec: 0
2021/09/25-16:57:02.524045 7f2601460280                       Options.wal_recovery_mode: 2
2021/09/25-16:57:02.524047 7f2601460280                  Options.enable_thread_tracking: 0
2021/09/25-16:57:02.524047 7f2601460280                  Options.enable_pipelined_write: 1
2021/09/25-16:57:02.524048 7f2601460280                  Options.unordered_write: 0
2021/09/25-16:57:02.524049 7f2601460280         Options.allow_concurrent_memtable_write: 1
2021/09/25-16:57:02.524050 7f2601460280      Options.enable_write_thread_adaptive_yield: 1
2021/09/25-16:57:02.524051 7f2601460280             Options.write_thread_max_yield_usec: 100
2021/09/25-16:57:02.524052 7f2601460280            Options.write_thread_slow_yield_usec: 3
2021/09/25-16:57:02.524052 7f2601460280                               Options.row_cache: None
2021/09/25-16:57:02.524053 7f2601460280                              Options.wal_filter: None
2021/09/25-16:57:02.524054 7f2601460280             Options.avoid_flush_during_recovery: 0
2021/09/25-16:57:02.524055 7f2601460280             Options.allow_ingest_behind: 0
2021/09/25-16:57:02.524056 7f2601460280             Options.preserve_deletes: 0
2021/09/25-16:57:02.524057 7f2601460280             Options.two_write_queues: 0
2021/09/25-16:57:02.524057 7f2601460280             Options.manual_wal_flush: 0
2021/09/25-16:57:02.524058 7f2601460280             Options.atomic_flush: 0
2021/09/25-16:57:02.524059 7f2601460280             Options.avoid_unnecessary_blocking_io: 0
2021/09/25-16:57:02.524060 7f2601460280                 Options.persist_stats_to_disk: 0
2021/09/25-16:57:02.524061 7f2601460280                 Options.write_dbid_to_manifest: 0
2021/09/25-16:57:02.524062 7f2601460280                 Options.log_readahead_size: 0
2021/09/25-16:57:02.524062 7f2601460280                 Options.file_checksum_gen_factory: Unknown
2021/09/25-16:57:02.524063 7f2601460280                 Options.best_efforts_recovery: 0
2021/09/25-16:57:02.524064 7f2601460280                Options.max_bgerror_resume_count: 2147483647
2021/09/25-16:57:02.524065 7f2601460280            Options.bgerror_resume_retry_interval: 1000000
2021/09/25-16:57:02.524066 7f2601460280             Options.allow_data_in_errors: 0
2021/09/25-16:57:02.524067 7f2601460280             Options.db_host_id: __hostname__
2021/09/25-16:57:02.524068 7f2601460280             Options.max_background_jobs: 2
2021/09/25-16:57:02.524069 7f2601460280             Options.max_background_compactions: -1
2021/09/25-16:57:02.524069 7f2601460280             Options.max_subcompactions: 1
2021/09/25-16:57:02.524070 7f2601460280             Options.avoid_flush_during_shutdown: 0
2021/09/25-16:57:02.524071 7f2601460280           Options.writable_file_max_buffer_size: 1048576
2021/09/25-16:57:02.524072 7f2601460280             Options.delayed_write_rate : 8388608
2021/09/25-16:57:02.524073 7f2601460280             Options.max_total_wal_size: 0
2021/09/25-16:57:02.524074 7f2601460280             Options.delete_obsolete_files_period_micros: 21600000000
2021/09/25-16:57:02.524075 7f2601460280                   Options.stats_dump_period_sec: 600
2021/09/25-16:57:02.524075 7f2601460280                 Options.stats_persist_period_sec: 600
2021/09/25-16:57:02.524076 7f2601460280                 Options.stats_history_buffer_size: 1048576
2021/09/25-16:57:02.524077 7f2601460280                          Options.max_open_files: -1
2021/09/25-16:57:02.524078 7f2601460280                          Options.bytes_per_sync: 0
2021/09/25-16:57:02.524079 7f2601460280                      Options.wal_bytes_per_sync: 0
2021/09/25-16:57:02.524080 7f2601460280                   Options.strict_bytes_per_sync: 0
2021/09/25-16:57:02.524081 7f2601460280       Options.compaction_readahead_size: 0
2021/09/25-16:57:02.524081 7f2601460280                  Options.max_background_flushes: -1
2021/09/25-16:57:02.524082 7f2601460280 Compression algorithms supported:
2021/09/25-16:57:02.524083 7f2601460280 	kZSTDNotFinalCompression supported: 1
2021/09/25-16:57:02.524084 7f2601460280 	kZSTD supported: 1
2021/09/25-16:57:02.524089 7f2601460280 	kXpressCompression supported: 0
2021/09/25-16:57:02.524090 7f2601460280 	kLZ4HCCompression supported: 1
2021/09/25-16:57:02.524091 7f2601460280 	kLZ4Compression supported: 1
2021/09/25-16:57:02.524092 7f2601460280 	kBZip2Compression supported: 1
2021/09/25-16:57:02.524093 7f2601460280 	kZlibCompression supported: 1
2021/09/25-16:57:02.524094 7f2601460280 	kSnappyCompression supported: 1
2021/09/25-16:57:02.524096 7f2601460280 Fast CRC32 supported: Supported on x86
2021/09/25-16:57:02.526939 7f2601460280 [/db_impl/db_impl_open.cc:285] Creating manifest 1 
2021/09/25-16:57:02.535831 7f2601460280 [/version_set.cc:4578] Recovering from manifest file: ../mnt/MANIFEST-000001
2021/09/25-16:57:02.535910 7f2601460280 [/column_family.cc:602] --------------- Options for column family [default]:
2021/09/25-16:57:02.535914 7f2601460280               Options.comparator: leveldb.BytewiseComparator
2021/09/25-16:57:02.535916 7f2601460280           Options.merge_operator: None
2021/09/25-16:57:02.535917 7f2601460280        Options.compaction_filter: None
2021/09/25-16:57:02.535918 7f2601460280        Options.compaction_filter_factory: None
2021/09/25-16:57:02.535920 7f2601460280  Options.sst_partitioner_factory: None
2021/09/25-16:57:02.535921 7f2601460280         Options.memtable_factory: SkipListFactory
2021/09/25-16:57:02.535922 7f2601460280            Options.table_factory: BlockBasedTable
2021/09/25-16:57:02.535954 7f2601460280            table_factory options:   flush_block_policy_factory: FlushBlockBySizePolicyFactory (0x562b0b25b840)
  cache_index_and_filter_blocks: 0
  cache_index_and_filter_blocks_with_high_priority: 1
  pin_l0_filter_and_index_blocks_in_cache: 0
  pin_top_level_index_and_filter: 0
  index_type: 0
  data_block_index_type: 0
  index_shortening: 2
  data_block_hash_table_util_ratio: 0.750000
  hash_index_allow_collision: 1
  checksum: 1
  no_block_cache: 0
  block_cache: 0x562b0b245d30
  block_cache_name: LRUCache
  block_cache_options:
    capacity : 536870912
    num_shard_bits : 6
    strict_capacity_limit : 0
    memory_allocator : None
    high_pri_pool_ratio: 0.000
  block_cache_compressed: (nil)
  persistent_cache: (nil)
  block_size: 4096
  block_size_deviation: 10
  block_restart_interval: 16
  index_block_restart_interval: 1
  metadata_block_size: 4096
  partition_filters: 0
  use_delta_encoding: 1
  filter_policy: nullptr
  whole_key_filtering: 1
  verify_compression: 0
  read_amp_bytes_per_bit: 16
  format_version: 5
  enable_index_compression: 1
  block_align: 0
2021/09/25-16:57:02.535956 7f2601460280        Options.write_buffer_size: 67108864
2021/09/25-16:57:02.535958 7f2601460280  Options.max_write_buffer_number: 2
2021/09/25-16:57:02.535959 7f2601460280          Options.compression: Snappy
2021/09/25-16:57:02.535961 7f2601460280                  Options.bottommost_compression: Disabled
2021/09/25-16:57:02.535962 7f2601460280       Options.prefix_extractor: nullptr
2021/09/25-16:57:02.535963 7f2601460280   Options.memtable_insert_with_hint_prefix_extractor: nullptr
2021/09/25-16:57:02.535965 7f2601460280             Options.num_levels: 7
2021/09/25-16:57:02.535966 7f2601460280        Options.min_write_buffer_number_to_merge: 1
2021/09/25-16:57:02.535967 7f2601460280     Options.max_write_buffer_number_to_maintain: 0
2021/09/25-16:57:02.535969 7f2601460280     Options.max_write_buffer_size_to_maintain: 0
2021/09/25-16:57:02.535970 7f2601460280            Options.bottommost_compression_opts.window_bits: -14
2021/09/25-16:57:02.535971 7f2601460280                  Options.bottommost_compression_opts.level: 32767
2021/09/25-16:57:02.535972 7f2601460280               Options.bottommost_compression_opts.strategy: 0
2021/09/25-16:57:02.535974 7f2601460280         Options.bottommost_compression_opts.max_dict_bytes: 0
2021/09/25-16:57:02.535975 7f2601460280         Options.bottommost_compression_opts.zstd_max_train_bytes: 0
2021/09/25-16:57:02.535976 7f2601460280         Options.bottommost_compression_opts.parallel_threads: 1
2021/09/25-16:57:02.535991 7f2601460280                  Options.bottommost_compression_opts.enabled: false
2021/09/25-16:57:02.535993 7f2601460280         Options.bottommost_compression_opts.max_dict_buffer_bytes: 0
2021/09/25-16:57:02.535994 7f2601460280            Options.compression_opts.window_bits: -14
2021/09/25-16:57:02.535995 7f2601460280                  Options.compression_opts.level: 32767
2021/09/25-16:57:02.535997 7f2601460280               Options.compression_opts.strategy: 0
2021/09/25-16:57:02.535998 7f2601460280         Options.compression_opts.max_dict_bytes: 0
2021/09/25-16:57:02.535999 7f2601460280         Options.compression_opts.zstd_max_train_bytes: 0
2021/09/25-16:57:02.536000 7f2601460280         Options.compression_opts.parallel_threads: 1
2021/09/25-16:57:02.536001 7f2601460280                  Options.compression_opts.enabled: false
2021/09/25-16:57:02.536003 7f2601460280         Options.compression_opts.max_dict_buffer_bytes: 0
2021/09/25-16:57:02.536004 7f2601460280      Options.level0_file_num_compaction_trigger: 4
2021/09/25-16:57:02.536005 7f2601460280          Options.level0_slowdown_writes_trigger: 20
2021/09/25-16:57:02.536006 7f2601460280              Options.level0_stop_writes_trigger: 36
2021/09/25-16:57:02.536008 7f2601460280                   Options.target_file_size_base: 67108864
2021/09/25-16:57:02.536009 7f2601460280             Options.target_file_size_multiplier: 1
2021/09/25-16:57:02.536010 7f2601460280                Options.max_bytes_for_level_base: 268435456
2021/09/25-16:57:02.536012 7f2601460280 Options.level_compaction_dynamic_level_bytes: 0
2021/09/25-16:57:02.536013 7f2601460280          Options.max_bytes_for_level_multiplier: 10.000000
2021/09/25-16:57:02.536015 7f2601460280 Options.max_bytes_for_level_multiplier_addtl[0]: 1
2021/09/25-16:57:02.536017 7f2601460280 Options.max_bytes_for_level_multiplier_addtl[1]: 1
2021/09/25-16:57:02.536018 7f2601460280 Options.max_bytes_for_level_multiplier_addtl[2]: 1
2021/09/25-16:57:02.536019 7f2601460280 Options.max_bytes_for_level_multiplier_addtl[3]: 1
2021/09/25-16:57:02.536020 7f2601460280 Options.max_bytes_for_level_multiplier_addtl[4]: 1
2021/09/25-16:57:02.536022 7f2601460280 Options.max_bytes_for_level_multiplier_addtl[5]: 1
2021/09/25-16:57:02.536023 7f2601460280 Options.max_bytes_for_level_multiplier_addtl[6]: 1
2021/09/25-16:57:02.536024 7f2601460280       Options.max_sequential_skip_in_iterations: 8
2021/09/25-16:57:02.536026 7f2601460280                    Options.max_compaction_bytes: 1677721600
2021/09/25-16:57:02.536027 7f2601460280                        Options.arena_block_size: 1048576
2021/09/25-16:57:02.536028 7f2601460280   Options.soft_pending_compaction_bytes_limit: 68719476736
2021/09/25-16:57:02.536030 7f2601460280   Options.hard_pending_compaction_bytes_limit: 137438953472
2021/09/25-16:57:02.536031 7f2601460280       Options.rate_limit_delay_max_milliseconds: 1000
2021/09/25-16:57:02.536032 7f2601460280                Options.disable_auto_compactions: 0
2021/09/25-16:57:02.536034 7f2601460280                        Options.compaction_style: kCompactionStyleLevel
2021/09/25-16:57:02.536035 7f2601460280                          Options.compaction_pri: kMinOverlappingRatio
2021/09/25-16:57:02.536037 7f2601460280 Options.compaction_options_universal.size_ratio: 1
2021/09/25-16:57:02.536038 7f2601460280 Options.compaction_options_universal.min_merge_width: 2
2021/09/25-16:57:02.536039 7f2601460280 Options.compaction_options_universal.max_merge_width: 4294967295
2021/09/25-16:57:02.536041 7f2601460280 Options.compaction_options_universal.max_size_amplification_percent: 200
2021/09/25-16:57:02.536042 7f2601460280 Options.compaction_options_universal.compression_size_percent: -1
2021/09/25-16:57:02.536044 7f2601460280 Options.compaction_options_universal.stop_style: kCompactionStopStyleTotalSize
2021/09/25-16:57:02.536045 7f2601460280 Options.compaction_options_fifo.max_table_files_size: 0
2021/09/25-16:57:02.536046 7f2601460280 Options.compaction_options_fifo.allow_compaction: 1
2021/09/25-16:57:02.536051 7f2601460280                   Options.table_properties_collectors: 
2021/09/25-16:57:02.536058 7f2601460280                   Options.inplace_update_support: 0
2021/09/25-16:57:02.536060 7f2601460280                 Options.inplace_update_num_locks: 10000
2021/09/25-16:57:02.536061 7f2601460280               Options.memtable_prefix_bloom_size_ratio: 0.000000
2021/09/25-16:57:02.536063 7f2601460280               Options.memtable_whole_key_filtering: 0
2021/09/25-16:57:02.536064 7f2601460280   Options.memtable_huge_page_size: 0
2021/09/25-16:57:02.536066 7f2601460280                           Options.bloom_locality: 0
2021/09/25-16:57:02.536067 7f2601460280                    Options.max_successive_merges: 0
2021/09/25-16:57:02.536068 7f2601460280                Options.optimize_filters_for_hits: 0
2021/09/25-16:57:02.536069 7f2601460280                Options.paranoid_file_checks: 0
2021/09/25-16:57:02.536070 7f2601460280                Options.force_consistency_checks: 1
2021/09/25-16:57:02.536072 7f2601460280                Options.report_bg_io_stats: 0
2021/09/25-16:57:02.536073 7f2601460280                               Options.ttl: 0
2021/09/25-16:57:02.536074 7f2601460280          Options.periodic_compaction_seconds: 0
2021/09/25-16:57:02.536075 7f2601460280                    Options.enable_blob_files: false
2021/09/25-16:57:02.536077 7f2601460280                        Options.min_blob_size: 0
2021/09/25-16:57:02.536078 7f2601460280                       Options.blob_file_size: 268435456
2021/09/25-16:57:02.536079 7f2601460280                Options.blob_compression_type: NoCompression
2021/09/25-16:57:02.536081 7f2601460280       Options.enable_blob_garbage_collection: false
2021/09/25-16:57:02.536082 7f2601460280   Options.blob_garbage_collection_age_cutoff: 0.250000
2021/09/25-16:57:02.536538 7f2601460280 [/version_set.cc:4626] Recovered from manifest file:../mnt/MANIFEST-000001 succeeded,manifest_file_number is 1, next_file_number is 3, last_sequence is 0, log_number is 0,prev_log_number is 0,max_column_family is 0,min_log_number_to_keep is 0
2021/09/25-16:57:02.536545 7f2601460280 [/version_set.cc:4635] Column family [default] (ID 0), log number is 0
2021/09/25-16:57:02.536598 7f2601460280 [/version_set.cc:4124] Creating manifest 4
2021/09/25-16:57:02.544789 7f2601460280 [DEBUG] [/db_impl/db_impl_files.cc:337] [JOB 1] Delete ../mnt/MANIFEST-000001 type=3 #1 -- OK
2021/09/25-16:57:02.551791 7f2601460280 [/db_impl/db_impl_open.cc:1760] SstFileManager instance 0x562b0b254b90
2021/09/25-16:57:02.551832 7f2601460280 DB pointer 0x562b0b265d00
2021/09/25-16:57:04.029017 7f25edffb700 [/db_impl/db_impl_write.cc:1810] [default] New memtable created with log file: #8. Immutable memtables: 0.
2021/09/25-16:57:04.029094 7f25fe9a4700 (Original Log Time 2021/09/25-16:57:04.029082) [/db_impl/db_impl_compaction_flush.cc:2570] Calling FlushMemTableToOutputFile with column family [default], flush slots available 1, compaction slots available 1, flush slots scheduled 1, compaction slots scheduled 0
2021/09/25-16:57:04.029096 7f25fe9a4700 [/flush_job.cc:341] [default] [JOB 2] Flushing memtable with next log file: 8
2021/09/25-16:57:04.029113 7f25fe9a4700 EVENT_LOG_v1 {"time_micros": 1632556624029107, "job": 2, "event": "flush_started", "num_memtables": 1, "num_entries": 591184, "num_deletes": 0, "total_data_size": 53206560, "memory_usage": 67110520, "flush_reason": "Write Buffer Full"}
2021/09/25-16:57:04.029114 7f25fe9a4700 [/flush_job.cc:370] [default] [JOB 2] Level-0 flush table #9: started
2021/09/25-16:57:04.262872 7f25fe9a4700 EVENT_LOG_v1 {"time_micros": 1632556624262855, "cf_name": "default", "job": 2, "event": "table_file_creation", "file_number": 9, "file_size": 29898780, "file_checksum": "", "file_checksum_func_name": "Unknown", "table_properties": {"data_size": 29744279, "index_size": 244692, "index_partitions": 0, "top_level_index_size": 0, "index_key_is_user_key": 1, "index_value_is_delta_encoded": 1, "filter_size": 0, "raw_key_size": 14188416, "raw_average_key_size": 24, "raw_value_size": 37835776, "raw_average_value_size": 64, "num_data_blocks": 12317, "num_entries": 591184, "num_filter_entries": 0, "num_deletions": 0, "num_merge_operands": 0, "num_range_deletions": 0, "format_version": 0, "fixed_key_len": 0, "filter_policy": "", "column_family_name": "default", "column_family_id": 0, "comparator": "leveldb.BytewiseComparator", "merge_operator": "nullptr", "prefix_extractor_name": "nullptr", "property_collectors": "[]", "compression": "Snappy", "compression_options": "window_bits=-14; level=32767; strategy=0; max_dict_bytes=0; zstd_max_train_bytes=0; enabled=0; max_dict_buffer_bytes=0; ", "creation_time": 1632556622, "oldest_key_time": 1632556622, "file_creation_time": 1632556624, "slow_compression_estimated_data_size": 0, "fast_compression_estimated_data_size": 0, "db_id": "06dfb488-8d5a-4543-a6c8-15d7cfbaa720", "db_session_id": "ABD2ZCHG6EO3DDWCP96M"}}
2021/09/25-16:57:04.262885 7f25fe9a4700 [/flush_job.cc:449] [default] [JOB 2] Level-0 flush table #9: 29898780 bytes OK
2021/09/25-16:57:04.267409 7f25fe9a4700 (Original Log Time 2021/09/25-16:57:04.265027) [/memtable_list.cc:451] [default] Level-0 commit table #9 started
2021/09/25-16:57:04.267411 7f25fe9a4700 (Original Log Time 2021/09/25-16:57:04.267367) [/memtable_list.cc:632] [default] Level-0 commit table #9: memtable #1 done
2021/09/25-16:57:04.267428 7f25fe9a4700 (Original Log Time 2021/09/25-16:57:04.267376) EVENT_LOG_v1 {"time_micros": 1632556624267373, "job": 2, "event": "flush_finished", "output_compression": "Snappy", "lsm_state": [1, 0, 0, 0, 0, 0, 0], "immutable_memtables": 0}
2021/09/25-16:57:04.267429 7f25fe9a4700 (Original Log Time 2021/09/25-16:57:04.267384) [/db_impl/db_impl_compaction_flush.cc:241] [default] Level summary: files[1 0 0 0 0 0 0] max score 0.25
2021/09/25-16:57:04.267431 7f25fe9a4700 [/db_impl/db_impl_files.cc:422] [JOB 2] Try to delete WAL files size 56162480, prev total WAL file size 65316870, number of live WAL files 2.
2021/09/25-16:57:04.272137 7f25fe9a4700 [le/delete_scheduler.cc:77] Deleted file ../mnt/000005.log immediately, rate_bytes_per_sec 0, total_trash_size 0 max_trash_db_ratio 0.250000
2021/09/25-16:57:04.272141 7f25fe9a4700 [DEBUG] [/db_impl/db_impl_files.cc:337] [JOB 2] Delete ../mnt/000005.log type=0 #5 -- OK
2021/09/25-16:57:05.490980 7f25edffb700 [/db_impl/db_impl_write.cc:1810] [default] New memtable created with log file: #10. Immutable memtables: 0.
2021/09/25-16:57:05.491043 7f25fe9a4700 (Original Log Time 2021/09/25-16:57:05.491032) [/db_impl/db_impl_compaction_flush.cc:2570] Calling FlushMemTableToOutputFile with column family [default], flush slots available 1, compaction slots available 1, flush slots scheduled 1, compaction slots scheduled 0
2021/09/25-16:57:05.491045 7f25fe9a4700 [/flush_job.cc:341] [default] [JOB 3] Flushing memtable with next log file: 10
2021/09/25-16:57:05.491055 7f25fe9a4700 EVENT_LOG_v1 {"time_micros": 1632556625491052, "job": 3, "event": "flush_started", "num_memtables": 1, "num_entries": 591172, "num_deletes": 0, "total_data_size": 53205480, "memory_usage": 66894736, "flush_reason": "Write Buffer Full"}
2021/09/25-16:57:05.491056 7f25fe9a4700 [/flush_job.cc:370] [default] [JOB 3] Level-0 flush table #11: started
2021/09/25-16:57:05.552101 7f25ecff9700 [/db_impl/db_impl.cc:945] ------- DUMPING STATS -------
2021/09/25-16:57:05.552111 7f25ecff9700 [/db_impl/db_impl.cc:946] 
** DB Stats **
Uptime(secs): 3.0 total, 3.0 interval
Cumulative writes: 1206K writes, 1206K keys, 1206K commit groups, 1.0 writes per commit group, ingest: 0.11 GB, 36.23 MB/s
Cumulative WAL: 1206K writes, 0 syncs, 1206263.00 writes per sync, written: 0.11 GB, 36.23 MB/s
Cumulative stall: 00:00:0.000 H:M:S, 0.0 percent
Interval writes: 1206K writes, 1206K keys, 1206K commit groups, 1.0 writes per commit group, ingest: 109.29 MB, 36.23 MB/s
Interval WAL: 1206K writes, 0 syncs, 1206263.00 writes per sync, written: 0.11 GB, 36.23 MB/s
Interval stall: 00:00:0.000 H:M:S, 0.0 percent

** Compaction Stats [default] **
Level    Files   Size     Score Read(GB)  Rn(GB) Rnp1(GB) Write(GB) Wnew(GB) Moved(GB) W-Amp Rd(MB/s) Wr(MB/s) Comp(sec) CompMergeCPU(sec) Comp(cnt) Avg(sec) KeyIn KeyDrop Rblob(GB) Wblob(GB)
------------------------------------------------------------------------------------------------------------------------------------------------------------------------------------------------
  L0      1/0   28.51 MB   0.2      0.0     0.0      0.0       0.0      0.0       0.0   1.0      0.0    120.9      0.24              0.17         1    0.236       0      0       0.0       0.0
 Sum      1/0   28.51 MB   0.0      0.0     0.0      0.0       0.0      0.0       0.0   1.0      0.0    120.9      0.24              0.17         1    0.236       0      0       0.0       0.0
 Int      0/0    0.00 KB   0.0      0.0     0.0      0.0       0.0      0.0       0.0   1.0      0.0    120.9      0.24              0.17         1    0.236       0      0       0.0       0.0

** Compaction Stats [default] **
Priority    Files   Size     Score Read(GB)  Rn(GB) Rnp1(GB) Write(GB) Wnew(GB) Moved(GB) W-Amp Rd(MB/s) Wr(MB/s) Comp(sec) CompMergeCPU(sec) Comp(cnt) Avg(sec) KeyIn KeyDrop Rblob(GB) Wblob(GB)
---------------------------------------------------------------------------------------------------------------------------------------------------------------------------------------------------
High      0/0    0.00 KB   0.0      0.0     0.0      0.0       0.0      0.0       0.0   0.0      0.0    120.9      0.24              0.17         1    0.236       0      0       0.0       0.0

Blob file count: 0, total size: 0.0 GB

Uptime(secs): 3.0 total, 3.0 interval
Flush(GB): cumulative 0.028, interval 0.028
AddFile(GB): cumulative 0.000, interval 0.000
AddFile(Total Files): cumulative 0, interval 0
AddFile(L0 Files): cumulative 0, interval 0
AddFile(Keys): cumulative 0, interval 0
Cumulative compaction: 0.03 GB write, 9.45 MB/s write, 0.00 GB read, 0.00 MB/s read, 0.2 seconds
Interval compaction: 0.03 GB write, 9.45 MB/s write, 0.00 GB read, 0.00 MB/s read, 0.2 seconds
Stalls(count): 0 level0_slowdown, 0 level0_slowdown_with_compaction, 0 level0_numfiles, 0 level0_numfiles_with_compaction, 0 stop for pending_compaction_bytes, 0 slowdown for pending_compaction_bytes, 0 memtable_compaction, 0 memtable_slowdown, interval 0 total count
Block cache LRUCache@0x562b0b245d30 capacity: 512.00 MB collections: 1 last_copies: 1 last_secs: 3.3e-05 secs_since: 3
Block cache entry stats(count,size,portion): Misc(1,0.00 KB,0%)

** File Read Latency Histogram By Level [default] **
** Level 0 read latency histogram (micros):
Count: 4 Average: 273.0000  StdDev: 470.54
Min: 0  Median: 1.0000  Max: 1088
Percentiles: P50: 1.00 P75: 4.00 P99: 1088.00 P99.1: 1088.00 P99.2: 1088.00 P99.3: 1088.00 P99.4: 1088.00 P99.5: 1088.00 P99.6: 1088.00 P99.7: 1088.00 P99.8: 1088.00 P99.9: 1088.00 P99.91: 1088.00 P99.92: 1088.00 P99.93: 1088.00 P99.94: 1088.00 P99.95: 1088.00 P99.96: 1088.00 P99.97: 1088.00 P99.98: 1088.00 P99.99: 1088.00 P100: 1088.00
------------------------------------------------------
[       0,       1 ]        2  50.000%  50.000% ##########
(       3,       4 ]        1  25.000%  75.000% #####
(     870,    1300 ]        1  25.000% 100.000% #####

2021/09/25-16:57:05.552626 7f25ecff9700 [/db_impl/db_impl.cc:713] STATISTICS:
 rocksdb.block.cache.miss COUNT : 0
rocksdb.block.cache.hit COUNT : 0
rocksdb.block.cache.add COUNT : 0
rocksdb.block.cache.add.failures COUNT : 0
rocksdb.block.cache.index.miss COUNT : 0
rocksdb.block.cache.index.hit COUNT : 0
rocksdb.block.cache.index.add COUNT : 0
rocksdb.block.cache.index.bytes.insert COUNT : 0
rocksdb.block.cache.index.bytes.evict COUNT : 0
rocksdb.block.cache.filter.miss COUNT : 0
rocksdb.block.cache.filter.hit COUNT : 0
rocksdb.block.cache.filter.add COUNT : 0
rocksdb.block.cache.filter.bytes.insert COUNT : 0
rocksdb.block.cache.filter.bytes.evict COUNT : 0
rocksdb.block.cache.data.miss COUNT : 0
rocksdb.block.cache.data.hit COUNT : 0
rocksdb.block.cache.data.add COUNT : 0
rocksdb.block.cache.data.bytes.insert COUNT : 0
rocksdb.block.cache.bytes.read COUNT : 0
rocksdb.block.cache.bytes.write COUNT : 0
rocksdb.bloom.filter.useful COUNT : 0
rocksdb.bloom.filter.full.positive COUNT : 0
rocksdb.bloom.filter.full.true.positive COUNT : 0
rocksdb.bloom.filter.micros COUNT : 0
rocksdb.persistent.cache.hit COUNT : 0
rocksdb.persistent.cache.miss COUNT : 0
rocksdb.sim.block.cache.hit COUNT : 0
rocksdb.sim.block.cache.miss COUNT : 0
rocksdb.memtable.hit COUNT : 0
rocksdb.memtable.miss COUNT : 0
rocksdb.l0.hit COUNT : 0
rocksdb.l1.hit COUNT : 0
rocksdb.l2andup.hit COUNT : 0
rocksdb.compaction.key.drop.new COUNT : 0
rocksdb.compaction.key.drop.obsolete COUNT : 0
rocksdb.compaction.key.drop.range_del COUNT : 0
rocksdb.compaction.key.drop.user COUNT : 0
rocksdb.compaction.range_del.drop.obsolete COUNT : 0
rocksdb.compaction.optimized.del.drop.obsolete COUNT : 0
rocksdb.compaction.cancelled COUNT : 0
rocksdb.number.keys.written COUNT : 1206263
rocksdb.number.keys.read COUNT : 0
rocksdb.number.keys.updated COUNT : 0
rocksdb.bytes.written COUNT : 114594985
rocksdb.bytes.read COUNT : 0
rocksdb.number.db.seek COUNT : 0
rocksdb.number.db.next COUNT : 0
rocksdb.number.db.prev COUNT : 0
rocksdb.number.db.seek.found COUNT : 0
rocksdb.number.db.next.found COUNT : 0
rocksdb.number.db.prev.found COUNT : 0
rocksdb.db.iter.bytes.read COUNT : 0
rocksdb.no.file.closes COUNT : 0
rocksdb.no.file.opens COUNT : 1
rocksdb.no.file.errors COUNT : 0
rocksdb.l0.slowdown.micros COUNT : 0
rocksdb.memtable.compaction.micros COUNT : 0
rocksdb.l0.num.files.stall.micros COUNT : 0
rocksdb.stall.micros COUNT : 0
rocksdb.db.mutex.wait.micros COUNT : 0
rocksdb.rate.limit.delay.millis COUNT : 0
rocksdb.num.iterators COUNT : 0
rocksdb.number.multiget.get COUNT : 0
rocksdb.number.multiget.keys.read COUNT : 0
rocksdb.number.multiget.bytes.read COUNT : 0
rocksdb.number.deletes.filtered COUNT : 0
rocksdb.number.merge.failures COUNT : 0
rocksdb.bloom.filter.prefix.checked COUNT : 0
rocksdb.bloom.filter.prefix.useful COUNT : 0
rocksdb.number.reseeks.iteration COUNT : 0
rocksdb.getupdatessince.calls COUNT : 0
rocksdb.block.cachecompressed.miss COUNT : 0
rocksdb.block.cachecompressed.hit COUNT : 0
rocksdb.block.cachecompressed.add COUNT : 0
rocksdb.block.cachecompressed.add.failures COUNT : 0
rocksdb.wal.synced COUNT : 0
rocksdb.wal.bytes COUNT : 114594985
rocksdb.write.self COUNT : 1206263
rocksdb.write.other COUNT : 0
rocksdb.write.timeout COUNT : 0
rocksdb.write.wal COUNT : 1206263
rocksdb.compact.read.bytes COUNT : 0
rocksdb.compact.write.bytes COUNT : 0
rocksdb.flush.write.bytes COUNT : 29899368
rocksdb.compact.read.marked.bytes COUNT : 0
rocksdb.compact.read.periodic.bytes COUNT : 0
rocksdb.compact.read.ttl.bytes COUNT : 0
rocksdb.compact.write.marked.bytes COUNT : 0
rocksdb.compact.write.periodic.bytes COUNT : 0
rocksdb.compact.write.ttl.bytes COUNT : 0
rocksdb.number.direct.load.table.properties COUNT : 0
rocksdb.number.superversion_acquires COUNT : 0
rocksdb.number.superversion_releases COUNT : 0
rocksdb.number.superversion_cleanups COUNT : 0
rocksdb.number.block.compressed COUNT : 15660
rocksdb.number.block.decompressed COUNT : 1
rocksdb.number.block.not_compressed COUNT : 0
rocksdb.merge.operation.time.nanos COUNT : 0
rocksdb.filter.operation.time.nanos COUNT : 0
rocksdb.row.cache.hit COUNT : 0
rocksdb.row.cache.miss COUNT : 0
rocksdb.read.amp.estimate.useful.bytes COUNT : 0
rocksdb.read.amp.total.read.bytes COUNT : 0
rocksdb.number.rate_limiter.drains COUNT : 0
rocksdb.number.iter.skip COUNT : 0
rocksdb.blobdb.num.put COUNT : 0
rocksdb.blobdb.num.write COUNT : 0
rocksdb.blobdb.num.get COUNT : 0
rocksdb.blobdb.num.multiget COUNT : 0
rocksdb.blobdb.num.seek COUNT : 0
rocksdb.blobdb.num.next COUNT : 0
rocksdb.blobdb.num.prev COUNT : 0
rocksdb.blobdb.num.keys.written COUNT : 0
rocksdb.blobdb.num.keys.read COUNT : 0
rocksdb.blobdb.bytes.written COUNT : 0
rocksdb.blobdb.bytes.read COUNT : 0
rocksdb.blobdb.write.inlined COUNT : 0
rocksdb.blobdb.write.inlined.ttl COUNT : 0
rocksdb.blobdb.write.blob COUNT : 0
rocksdb.blobdb.write.blob.ttl COUNT : 0
rocksdb.blobdb.blob.file.bytes.written COUNT : 0
rocksdb.blobdb.blob.file.bytes.read COUNT : 0
rocksdb.blobdb.blob.file.synced COUNT : 0
rocksdb.blobdb.blob.index.expired.count COUNT : 0
rocksdb.blobdb.blob.index.expired.size COUNT : 0
rocksdb.blobdb.blob.index.evicted.count COUNT : 0
rocksdb.blobdb.blob.index.evicted.size COUNT : 0
rocksdb.blobdb.gc.num.files COUNT : 0
rocksdb.blobdb.gc.num.new.files COUNT : 0
rocksdb.blobdb.gc.failures COUNT : 0
rocksdb.blobdb.gc.num.keys.overwritten COUNT : 0
rocksdb.blobdb.gc.num.keys.expired COUNT : 0
rocksdb.blobdb.gc.num.keys.relocated COUNT : 0
rocksdb.blobdb.gc.bytes.overwritten COUNT : 0
rocksdb.blobdb.gc.bytes.expired COUNT : 0
rocksdb.blobdb.gc.bytes.relocated COUNT : 0
rocksdb.blobdb.fifo.num.files.evicted COUNT : 0
rocksdb.blobdb.fifo.num.keys.evicted COUNT : 0
rocksdb.blobdb.fifo.bytes.evicted COUNT : 0
rocksdb.txn.overhead.mutex.prepare COUNT : 0
rocksdb.txn.overhead.mutex.old.commit.map COUNT : 0
rocksdb.txn.overhead.duplicate.key COUNT : 0
rocksdb.txn.overhead.mutex.snapshot COUNT : 0
rocksdb.txn.get.tryagain COUNT : 0
rocksdb.number.multiget.keys.found COUNT : 0
rocksdb.num.iterator.created COUNT : 0
rocksdb.num.iterator.deleted COUNT : 0
rocksdb.block.cache.compression.dict.miss COUNT : 0
rocksdb.block.cache.compression.dict.hit COUNT : 0
rocksdb.block.cache.compression.dict.add COUNT : 0
rocksdb.block.cache.compression.dict.bytes.insert COUNT : 0
rocksdb.block.cache.compression.dict.bytes.evict COUNT : 0
rocksdb.block.cache.add.redundant COUNT : 0
rocksdb.block.cache.index.add.redundant COUNT : 0
rocksdb.block.cache.filter.add.redundant COUNT : 0
rocksdb.block.cache.data.add.redundant COUNT : 0
rocksdb.block.cache.compression.dict.add.redundant COUNT : 0
rocksdb.files.marked.trash COUNT : 0
rocksdb.files.deleted.immediately COUNT : 1
rocksdb.error.handler.bg.errro.count COUNT : 0
rocksdb.error.handler.bg.io.errro.count COUNT : 0
rocksdb.error.handler.bg.retryable.io.errro.count COUNT : 0
rocksdb.error.handler.autoresume.count COUNT : 0
rocksdb.error.handler.autoresume.retry.total.count COUNT : 0
rocksdb.error.handler.autoresume.success.count COUNT : 0
rocksdb.db.get.micros P50 : 0.000000 P95 : 0.000000 P99 : 0.000000 P100 : 0.000000 COUNT : 0 SUM : 0
rocksdb.db.write.micros P50 : 1.642927 P95 : 2.833559 P99 : 3.413072 P100 : 1938.000000 COUNT : 1206265 SUM : 2716573
rocksdb.compaction.times.micros P50 : 0.000000 P95 : 0.000000 P99 : 0.000000 P100 : 0.000000 COUNT : 0 SUM : 0
rocksdb.compaction.times.cpu_micros P50 : 0.000000 P95 : 0.000000 P99 : 0.000000 P100 : 0.000000 COUNT : 0 SUM : 0
rocksdb.subcompaction.setup.times.micros P50 : 0.000000 P95 : 0.000000 P99 : 0.000000 P100 : 0.000000 COUNT : 0 SUM : 0
rocksdb.table.sync.micros P50 : 1107.000000 P95 : 1107.000000 P99 : 1107.000000 P100 : 1107.000000 COUNT : 1 SUM : 1107
rocksdb.compaction.outfile.sync.micros P50 : 0.000000 P95 : 0.000000 P99 : 0.000000 P100 : 0.000000 COUNT : 0 SUM : 0
rocksdb.wal.file.sync.micros P50 : 0.000000 P95 : 0.000000 P99 : 0.000000 P100 : 0.000000 COUNT : 0 SUM : 0
rocksdb.manifest.file.sync.micros P50 : 2400.000000 P95 : 2566.000000 P99 : 2566.000000 P100 : 2566.000000 COUNT : 5 SUM : 12187
rocksdb.table.open.io.micros P50 : 1273.000000 P95 : 1273.000000 P99 : 1273.000000 P100 : 1273.000000 COUNT : 1 SUM : 1273
rocksdb.db.multiget.micros P50 : 0.000000 P95 : 0.000000 P99 : 0.000000 P100 : 0.000000 COUNT : 0 SUM : 0
rocksdb.read.block.compaction.micros P50 : 0.000000 P95 : 0.000000 P99 : 0.000000 P100 : 0.000000 COUNT : 0 SUM : 0
rocksdb.read.block.get.micros P50 : 1165.000000 P95 : 1165.000000 P99 : 1165.000000 P100 : 1165.000000 COUNT : 1 SUM : 1165
rocksdb.write.raw.block.micros P50 : 0.504832 P95 : 0.959182 P99 : 0.999568 P100 : 2090.000000 COUNT : 15670 SUM : 80177
rocksdb.l0.slowdown.count P50 : 0.000000 P95 : 0.000000 P99 : 0.000000 P100 : 0.000000 COUNT : 0 SUM : 0
rocksdb.memtable.compaction.count P50 : 0.000000 P95 : 0.000000 P99 : 0.000000 P100 : 0.000000 COUNT : 0 SUM : 0
rocksdb.num.files.stall.count P50 : 0.000000 P95 : 0.000000 P99 : 0.000000 P100 : 0.000000 COUNT : 0 SUM : 0
rocksdb.hard.rate.limit.delay.count P50 : 0.000000 P95 : 0.000000 P99 : 0.000000 P100 : 0.000000 COUNT : 0 SUM : 0
rocksdb.soft.rate.limit.delay.count P50 : 0.000000 P95 : 0.000000 P99 : 0.000000 P100 : 0.000000 COUNT : 0 SUM : 0
rocksdb.numfiles.in.singlecompaction P50 : 0.000000 P95 : 0.000000 P99 : 0.000000 P100 : 0.000000 COUNT : 0 SUM : 0
rocksdb.db.seek.micros P50 : 0.000000 P95 : 0.000000 P99 : 0.000000 P100 : 0.000000 COUNT : 0 SUM : 0
rocksdb.db.write.stall P50 : 0.000000 P95 : 0.000000 P99 : 0.000000 P100 : 0.000000 COUNT : 0 SUM : 0
rocksdb.sst.read.micros P50 : 1.000000 P95 : 1088.000000 P99 : 1088.000000 P100 : 1088.000000 COUNT : 4 SUM : 1092
rocksdb.num.subcompactions.scheduled P50 : 0.000000 P95 : 0.000000 P99 : 0.000000 P100 : 0.000000 COUNT : 0 SUM : 0
rocksdb.bytes.per.read P50 : 0.000000 P95 : 0.000000 P99 : 0.000000 P100 : 0.000000 COUNT : 0 SUM : 0
rocksdb.bytes.per.write P50 : 95.000000 P95 : 95.000000 P99 : 95.000000 P100 : 95.000000 COUNT : 1206344 SUM : 114602680
rocksdb.bytes.per.multiget P50 : 0.000000 P95 : 0.000000 P99 : 0.000000 P100 : 0.000000 COUNT : 0 SUM : 0
rocksdb.bytes.compressed P50 : 3650.000000 P95 : 4325.086124 P99 : 4385.093780 P100 : 244687.000000 COUNT : 15677 SUM : 64027621
rocksdb.bytes.decompressed P50 : 244687.000000 P95 : 244687.000000 P99 : 244687.000000 P100 : 244687.000000 COUNT : 1 SUM : 244687
rocksdb.compression.times.nanos P50 : 0.000000 P95 : 0.000000 P99 : 0.000000 P100 : 0.000000 COUNT : 0 SUM : 0
rocksdb.decompression.times.nanos P50 : 0.000000 P95 : 0.000000 P99 : 0.000000 P100 : 0.000000 COUNT : 0 SUM : 0
rocksdb.read.num.merge_operands P50 : 0.000000 P95 : 0.000000 P99 : 0.000000 P100 : 0.000000 COUNT : 0 SUM : 0
rocksdb.blobdb.key.size P50 : 0.000000 P95 : 0.000000 P99 : 0.000000 P100 : 0.000000 COUNT : 0 SUM : 0
rocksdb.blobdb.value.size P50 : 0.000000 P95 : 0.000000 P99 : 0.000000 P100 : 0.000000 COUNT : 0 SUM : 0
rocksdb.blobdb.write.micros P50 : 0.000000 P95 : 0.000000 P99 : 0.000000 P100 : 0.000000 COUNT : 0 SUM : 0
rocksdb.blobdb.get.micros P50 : 0.000000 P95 : 0.000000 P99 : 0.000000 P100 : 0.000000 COUNT : 0 SUM : 0
rocksdb.blobdb.multiget.micros P50 : 0.000000 P95 : 0.000000 P99 : 0.000000 P100 : 0.000000 COUNT : 0 SUM : 0
rocksdb.blobdb.seek.micros P50 : 0.000000 P95 : 0.000000 P99 : 0.000000 P100 : 0.000000 COUNT : 0 SUM : 0
rocksdb.blobdb.next.micros P50 : 0.000000 P95 : 0.000000 P99 : 0.000000 P100 : 0.000000 COUNT : 0 SUM : 0
rocksdb.blobdb.prev.micros P50 : 0.000000 P95 : 0.000000 P99 : 0.000000 P100 : 0.000000 COUNT : 0 SUM : 0
rocksdb.blobdb.blob.file.write.micros P50 : 0.000000 P95 : 0.000000 P99 : 0.000000 P100 : 0.000000 COUNT : 0 SUM : 0
rocksdb.blobdb.blob.file.read.micros P50 : 0.000000 P95 : 0.000000 P99 : 0.000000 P100 : 0.000000 COUNT : 0 SUM : 0
rocksdb.blobdb.blob.file.sync.micros P50 : 0.000000 P95 : 0.000000 P99 : 0.000000 P100 : 0.000000 COUNT : 0 SUM : 0
rocksdb.blobdb.gc.micros P50 : 0.000000 P95 : 0.000000 P99 : 0.000000 P100 : 0.000000 COUNT : 0 SUM : 0
rocksdb.blobdb.compression.micros P50 : 0.000000 P95 : 0.000000 P99 : 0.000000 P100 : 0.000000 COUNT : 0 SUM : 0
